$ 1 6.25e-7 40.34287934927352 41 5 43 5e-11
r 288 256 416 256 0 1000
r 416 256 416 320 0 10000
g 416 320 416 336 0 0
t 496 256 560 256 0 1 0.6379107189242337 0.6620636542804195 100 default
f 560 224 736 224 32 1.5 0.02
f 944 528 1072 528 33 1.5 0.02
R 560 112 560 48 0 0 40 28 0 0 0.5
r 560 112 560 224 0 10000
w 560 112 736 112 0
r 736 112 736 208 0 18
g 736 288 736 336 0 0
g 560 272 560 320 0 0
w 416 256 496 256 0
w 560 240 560 224 0
R 288 256 288 192 0 2 200 3 3 0 0.5
370 736 240 736 288 1 0 0
